                12          22322221     1                  0  0
                 1 12211221 1 2 11  11   1                    0 
                1 1  1111  1  2   2221                      21  
   11           1 2  11  1 2222 1 1                         1   
   11            22 1  1 22     2  0 0        111          0    
                 1  2  21 2     1   1         1121        0     
 1                 12 1   2        1321           11 1          
 1   11            1322 1 2221                    11 221        
     11             1  12 11                                    
11   11                  1                 11     12            
21   11                  2    1            11      1            
1    11                  2    21           11                  1
     11                  2                 11     11          12
     11                 2321   1           12                   
     11         1     223      1            2     11          1 
     11         2    22 1       1           2                12 
     11         2    1        1 21          2    121         11 
     11         2             1   21 1      2   111             
     11        12      1   1      2  21     2   111          1  
     11        11   0 22  132     2    0    2221   1        12  
     11              22  1  2     2     221 11     1        11  
     11         1    1 123  2     2     1                       
     11         2321  1  2  1 11  1    1          0         1   
     11          2   132 2             2         0          2   
     11          2  0  322             2      121          12   
     11          321   2              12     131      1    11   
     11          2  0  1                      1       1         
     11          2   0      0         0      0       1     1    
     11          2                1 11  1            1     2    
     11          1  0            12   132                  2    
     11           1           1 0      1 121  1            2    
     11         1 1          12       1       2            2    
     11        131           121      1       2            1    
     11       121 0        1121   1       1   2           1     
     11       11           111 1  221 11  1   2           2     
     11     12  0    1     21  2   11         2          12     
     11      1      12    22   2     1 11     2          11     
     11    1              2    2   1 1 11     1          11     
     11    2    0     0  22  12321 1   131     1        111     
     11    1             1      11      2      2        111     
     11       0 0      21       11   1  2      2      11        
     11                2        21   1  1      2            1   
     11          1   1 1     1  2 121 1        2    1       2   
     11          2  22       1  2     322      1    2       2   
     11   0      1 12           1     2 1           2       1   
     11        0  0  0            0  132         11 1           
     11             0           12     1         11        21   
     11         0                1                         1    
     12                             1          1                
      321      1   12          121  2          2     11   21    
1     2  0     1    1               2          1         22     
22    2 1          1                2           11       2      
 22   2 1          1                2             11     1      
  2   2             0 1             1            1      1       
  2   321    0        1              1           1   11 2       
  2   2            121               1                 22       
  2   2 1                   0         1          121   2        
  21  2 1            11               2                1        
  11  2           0                 1231 1         11 1         
  11  2                                  1            1         
  11  2             0        1  1           1        1          
  11  2                      1  1           1        1          
  11  1                     0                11                 
  11            0            11                                 
